# Nota: C-Order, 1 refers to the Y axis, 2 to the X axis
# Calibration done at Mon Apr  8 17:18:53 2024
poni_version: 2.1
Detector: Perkin
Detector_config: {"pixel1": 0.0002, "pixel2": 0.0002, "orientation": 3}
Distance: 1.4280248574010523
Poni1: 0.23404917788488025
Poni2: 0.3766844373109601
Rot1: -0.0037624252170773112
Rot2: -0.026178177480714798
Rot3: -7.996604624242792e-10
Wavelength: 1.814e-11
